26304191251785
63193098253300
97974569896163
86684658511346
65141677112485
92964990198735
48065039706092
40112465456071
78888487343173
12325240367951
56707207298075
88671261055994
72230678519160
33160051372785
11951093798608
63590730179836
73603955851054
74566622002238
41567459681028
1673304549990
70334882557735
53395190742116
70298825785347
2342458012656
34978163614529
70865230884761
73492437766518
38600207664059
14183983586057
34793272821100
30284704566183
42570905048123
76298724066291
57668780975311
51866689508188
43786212569801
28391594306144
287793345529
77274226304432
98668851779684
56464207508846
74213048359611
33890696202837
63414940024202
12685310101929
16663915727715
192108717845
80549158031451
42409157739089
70505360219038
1285567407152
40959976933155
18676866754918
72261572046334
9765268614874
44110900046969
21421726034360
54282266753907
87048789240553
1611203236895
57954788392382
37526367064645
22414996208401
66220196170269
56940675895826
69664883373914
87144762414376
94032380467713
19755759115398
47158789392670
44439669019023
57993703331860
90642334701827
44305385717376
26480719053871
78195458789091
91743591464753
15443595756864
59851742104909
86554956543465
24072897981211
55704205780320
36924961267512
66824626681824
55273356980105
86975738090314
15728598827425
41055549375237
4033722021491
54389844574227
68380660011581
13807247201832
68361218779237
35224042156186
2442339522163
27239035844710
33867065012913
47088087263379
77582918498271
20522622900278
2583117110775
51707956010051
97553927607761
2686805009464
22664431067063
39830056843127
77569004944385
27896614142585
60575759762767
10542810136438
6308577815617
78615926161763
65128192336593
37692738307380
54867335161473
41315151503689
39130884963784
17410198261615
23941739806109
79422368470110
25430405078325
1108329139509
24714018858217
38557465249667
63788990546129
93982499903895
75839484971138
8206495994198
75169273429141
20119570613839
4407954906066
86578372244498
95017440409785
95110921979486
92750118063462
7665357621346
44749025387788
90528597768230
56312014550856
28491446215323
5561884280853
99199626145667
87287347982736
46416544767115
83262361216618
46242759476437
17688728525413
8092502810880
59867923312654
98640026165714
31273070270432
91527642940914
64466918164851
7540572544215
88776827950774
28581147160933
18485382335367
92652355669512
74067052727523
72639746205025
73817177804184
39852873161729
80704426684530
7525182335087
69732389526764
40914846559835
64343875471086
95111321951907
18829176463307
35608744045005
64425666426555
13294974259486
29426016367494
93295167597108
88254006017260
95068070893065
23973281022766
26989985241880
12569720616102
56169984840130
79420657634273
9289517607218
48022215330467
1201013732280
97851960352798
44127282042150
88946844095867
72859550798498
17852278265398
30608531387206
84864641283295
47679001696294
984614680638
70960578513905
40983384697505
40884320339389
66635854451595
72797746542524
42281914831489
26386368631989
26069069664698
44218546667317
18485266414354
42717007731281
11688402422691
62741024193755
6790057646196
18867337852959
2190189715212
32982919932104
23477098513430
64856961801415
35513498025435
19442469697678
22123525275232
45307163579455
69999329519140
986052316452
90126453275982
77537835287153
61539166918281
53559887022047
54057025503037
11519798652707
37318498412643
57573086426994
26108253446391
13907001977821
31704596007495
62171145521016
12747244021797
23118809872697
98019445956452
11143638236709
86294861850945
10836304472655
25760072072564
39517834417362
32272961665798
53121334395027
39056509610401
1030869445909
63003199043698
73383813628214
13910141291342
11977999014089
35027633990344
25345500442426
13378214168240
87964516025443
81544195782100
88678021246204
87818425406375
29606625791530
89208878844625
70538023331551
28546157675910
97732333680163
4447951317275
53397025326769
10327044076726
80779388350754
89604604429648
99075524218489
38441986971364
62414025123972
62011670311438
61179186361348
89785022399876
96584671697424
90086917094596
25180918156412
11641600606454
35055901103025
4865258020522
12456992226276
59551749609214
4934772964845
23160873057925
84288759370479
66152618295053
1850718402893
49028709566603
35413804905004
86132178643620
71344148988091
95428501598495
59383418808900
19898789764121
54885632473117
38255618111089
61804534353243
41988916052051
22328348564883
82357935149475
3591031134649
76792860560677
94135906445312
75349974842593
57297508194722
67884634095565
45505886013237
68591208608765
82507113099321
2769775340576
87895562799697
13935174213289
45405693556800
62709576995611
60462946900719
40317814233083
38654973332349
60008990851283
43981293404625
99392963731978
86548842438460
80240234539418
80865581346904
26894275083443
25048113195181
42302154778794
72978064929840
28723124715310
18875205548465
472776577132
47992463969801
64260556246624
92059269454577
3148869882665
77500726801895
27239580626657
61082631171606
43903300086313
6408646336970
95111421257378
88986296127815
18782246541390
58921429807811
38616791998265
94569282889834
31006098239148
79394279770449
98047238384461
20232530411513
31630260421487
95267519295890
32059681321203
68282549025295
48235992968166
84228755404412
31263374209398
36902012191646
51225084436247
72751383057595
11875203676636
37182986467315
84768552089602
44282236657215
13757414879328
43306066252077
19472385051779
54804779983112
27942483855587
73623660773419
25715743146701
91047370176930
75006861166119
50952199412349
74346643844560
36191135178671
35920496600421
92919831138546
27906317432309
51829953479765
98343538953704
80511049439143
98112043227190
84199255057186
1261760621188
17510806730860
62493118187386
75388872127078
13329257445010
13729288494712
64834121417306
93045357156173
93377353368881
78930547986681
14816674057723
57238268692313
81142040447147
77009151565097
29530573389873
13187719545077
22393944520315
92269746489679
33911871031927
35917278357452
5979456646702
33533099525971
85092919840537
9739683270859
64829369871491
47994424570574
69217643716266
33245463260885
57652425733872
38106455774514
68378556326991
69753967121532
2911899516333
16499664824285
72083870691554
11284094447626
23365930288024
30997990475119
19724345621745
37040326822571
22305085100032
8247907473401
32815593115508
86756470002139
40249167310914
13580300568287
39302077861372
67656320684996
10884046011284
55361684949152
58250029208978
72502736577331
6299385859608
17696809288102
75343159733293
75345770776941
46736560181178
54564388800279
49457565463480
37448588465431
40759690496581
75837296887905
74357937265779
47442776443254
11505620772476
95488553486240
3635869239972
60500581210010
8840268158933
97889308477345
45477091183150
88721963185892
84469175522183
36616521836292
45608075129436
36352771274622
48551046290454
49746666885740
95104893002028
84282454309743
85456545643093
9670548233405
79109754470274
96677945015497
53383315031485
41008880415821
8837388488079
57573974458923
25742052021787
72200801649977
84317305367512
78633523070240
23245428901573
97777289849505
14650073126041
80907755195958
17739864784653
27388492894868
46498393711557
44935181809472
35147640758077
4977508867505
79967733823048
61148877722737
72063169721532
48502703916440
89483694484769
96342911861774
68080810458110
90908585705943
51990731591519
3227159242773
73675284387417
23872688537054
58973542151810
51389735298308
13765906219861
90732258233889
3058154584048
73261914198171
58611717840524
50318981299437
6858581707391
67699727189817
74826460782967
76339846581250
51341796480860
93736631821354
89783080757190
82743797948168
49519725563377
98220513295566
51761457524478
1363674249894
73045361420629
88694087557378
73491788701087
46457317757058
4766173594716
56502307561507
76604540593310
27648590087328
31694487131502
36608041810431
46605151684697
41997789396318
23997290495368
84464459902116
84676452264611
34927171458917
63746393199990
76350372076747
70396399889249
74968988272915
72584642330177
55674643243855
29183507714706
25133311593262
92171441789529
43680202683845
93197725495035
49400671942383
53324848264356
12412604660712
53485255699272
6869046687141
19354297908297
90591657535999
67559525866085
46394066042346
57962497239511
97284723047062
89531813620326
24756663395282
98172400296401
72919422315601
33288145633290
19210225926705
42373504383592
41019456549560
95947485503487
84490702056287
89379008720345
23746556395901
47565268788794
84230820623459
70088648234337
5869332366515
46351039891767
99298202045118
61896445483774
47703831615901
70032748023155
13412238985255
14015926844027
45342825897577
59555566747453
89212362103866
43934423453171
87110982908386
47768150853834
45081950290946
98274797838101
421706624987
56032316753399
69039195852754
92966134729084
43291299867441
61725391877707
11511182229501
96376929489805
55580019814224
48885879148780
27839164994702
23022899752703
61087370022955
32562833667868
51124966900001
32050154029996
85306794702772
88764496824364
41983406582287
20369815084343
17079887188341
11528200545874
7037764611665
83161885155883
59763452477814
50346479973943
1714170093780
76820046545304
92307087248017
62379208387295
34475361370860
41372822918648
84898611277035
77916375547914
21699950113752
54621663530222
84165655978409
78907865281528
25904496700530
61525991769381
7554841641916
98757154028835
43463089424293
15715399467811
10404592431315
21724545268794
12597452850804
27900880907136
33387568552159
63397130248861
3758089844631
9590879871122
1353304397405
25806585895658
95225187519618
28006213680346
66114350788989
78081943472747
35921934899262
65082500339760
77318929761363
2045243523239
4552586889314
2945880447345
841518436888
42460269796136
16189559069045
37430192228090
16282400025213
60373964553553
6671028046573
77453890496181
83415692588225
15483297383712
44803430568900
29927629884350
11010282123880
16738197309213
81557917825400
22896124505708
6615140303148
9835286004126
42453881584514
40637916048345
70330176555554
69190751237146
73233828830352
9594578038632
37968457222257
28161700558071
21703653014392
53285938742474
59938600946897
43715214387676
92953049218145
77732998031157
68368903480634
98099972037486
93651730787858
14325205881716
28661985530085
81471371716792
50929380112592
40200467963081
74698393079461
26463994183331
15499589165810
81058714386751
5076390108930
24938651895306
12953140542084
88126797041782
18651603961607
19293764473759
76994163098316
6202506467542
12697633301609
29051186448397
45949420618638
89545037816632
11124111748358
4411580929588
20260976356930
45986300903049
67513234944939
98603386712858
62143607777987
24721007800249
79592427474016
86510370751487
67813737205018
66850246944810
92801361183956
84502421621311
62267249512522
50660432552581
78907559432412
24912829134420
71271841390925
20983742293079
25649896788689
73700632937291
31887104370863
77130191634007
47413418169507
13985755216804
81348291423803
57303727130092
49155476005012
52080650506415
44390616934964
41317709593960
28871974865613
58086659092006
55534569410038
46472129662763
82621409441269
72583150251163
82319881207483
62728097971495
62450669461825
17856224602852
20931105822918
42611151687625
33861805104041
12622885327331
64048560500271
17678691673285
61856736763456
28952423828462
81576599247559
28689675661568
64508305950599
56544841923234
13789939046081
76205551913904
33906564314328
2867287225826
42347475879842
3532723953207
91179842140838
93806430959724
55949054503374
95295723534296
98984643509778
97616354458523
64633033367405
25844252889198
34505204774548
51292360356916
38738206570080
26731214534230
8466904925942
51350137830556
69585592368480
16326713386737
44515125196488
12073979052152
369662053975
63338057509524
82618908579223
99067617862521
49146903759193
73367882502664
32453377592416
99778243075925
35178549054555
33981719913426
35860371562519
72664352465263
29544965174988
25569695696605
57305914006956
55740858299100
89647096273591
6673755812114
1326407458602
20717459766121
69031527055634
43636765779171
36055765241566
16134786301092
32475449027325
49636581477954
30392941208895
70198332006843
82419168489886
55696860101793
25056701945606
74965691328588
87470903875120
22891520059560
30179448021055
84020534562345
61035601387202
86403144644666
88940980952163
62919627307781
79975901463656
32246108097635
67532697610918
77416552025365
41305098079300
36107373657460
17132369148395
87294072033055
85657667464724
71635295956345
74756573335538
81940031373891
27704293248629
66430668980264
69836809630322
14247675774623
69933268884570
41677364474642
14729562352987
3534453992049
75748068387120
93964945320549
14856314461596
13702295627140
46073032591411
13722320021108
77884236117708
66257237078471
36820922281768
93598877750190
16009604664268
80584926363696
34560067772164
94451742564213
92925401312872
34358916488487
63963571746194
50214532075693
34806035277185
4882750261576
77064444282163
38291187304092
86448507384225
58682910262174
51456503309274
46828853727367
25322615986484
21721458982897
93590025995262
60078243860008
75345776077532
68747239158603
51150007243046
94542646466807
30711287380276
87044828918276
81486349203687
71776373403618
68193654337718
45048401199869
99844282331676
94944241798723
72698163589173
45770951152074
38516989441046
16308877686630
4499615978108
85458021714134
82660586163219
33441958318101
63662431199407
37417704496298
35957412086607
48855252139008
23463163145917
34507984495276
47978394729286
25725823483926
99063346442905
21230341673387
34982413476290
59019904818557
70508520805602
29131933350278
33082952826079
14118480771624
26454935169204
33899178722268
99809115114202
33878866942980
7302053751387
92591237073065
98944146488778
95491661636387
49081517505044
45123567088681
26122525315400
11272633398665
10216966635485
9975973276512
9133871301415
51146543391584
51632282227353
81803583332839
84191729601226
78485256843436
44880590853351
82257021885638
30143012434336
63477779810636
38828000565739
29113423063788
12673543665026
84074653067262
40681711670534
34933435856127
85293576446127
99307690007
9824894767769
10910166914943
35111530762069
96958050246412
29473222076550
95578145866366
28495493292243
29749510550316
19894268199996
58278720081137
10035422489457
71298612911107
93583356031753
2822116863802
69325062100108
14521550299806
56773409240755
36562187673712
56799967342947
55175615512306
29354990640976
39808552239687
24245762573366
12562561422945
70029846892740
27959714947275
59765003611455
42195592094257
88508685899204
27292160145565
8881970148276
69733550502565
36876967113338
4218245502305
69592893414718
20922222662662
21768058519887
1884861586973
57437276453294
38368370895544
17119122468224
25419482533225
35732789359864
49116142891016
97525549413985
77221532972072
83537346706082
38917614438964
86986247689731
18027640057794
59954655450565
75290744772332
78691934535651
80744653178894
81468524454662
63597982889003
66286978979550
18931691490291
90087064499887
23217932361910
91501594314945
84338112169856
8671866800773
